1.980259044792764143e+03
9.854691225022276058e+02
7.937682949782803234e+02
8.251999729247948778e+01
5.464826292364732296e+01
3.355677042650029307e+01
2.208359350505647711e+01
1.217552634295229019e+01
7.786995128575539660e+00
6.019422636982804775e+00
5.161248620479175209e+00
3.859011062862985231e+00
3.322269189098528752e+00
2.363849797072641312e+00
6.794242573454523093e-01
2.629513064832376679e-01
1.375179688116118237e-01
7.913186028589486165e-02
5.059508781210587947e-02
3.618760787345112750e-02
2.906692720094610632e-02
2.271265044339510625e-02
1.867702161518270537e-02
1.542628882810841151e-02
1.295204650200370428e-02
1.078374673964532619e-02
9.077869136586135326e-03
7.930055591683138339e-03
6.771643191215029854e-03
5.898419116243372798e-03
5.138906568777293869e-03
4.497479331741626764e-03
3.807819210128773803e-03
3.358243332052151739e-03
3.046567822283989188e-03
2.686364773108719517e-03
2.422137798055237767e-03
2.090784862601736613e-03
1.882775706673505247e-03
1.718682010399858731e-03
1.529291982590509722e-03
1.385240658904934126e-03
1.193575987189459406e-03
1.053774730803202836e-03
9.402442325551130979e-04
8.928218917041815450e-04
7.386439496316010928e-04
7.314321017127531962e-04
5.814743328589376883e-04
5.581308868480940912e-04
