4.324534690000792239e+02
2.987954555826548564e+00
1.902788700826711643e-01
4.143803584521175282e-02
1.430307956781889586e-02
6.188222667925727047e-03
3.085985000231142653e-03
1.700448473761490779e-03
1.006776798480005447e-03
6.298838344202433229e-04
4.126651923523721424e-04
2.805721604418262029e-04
1.960609403714131879e-04
1.393181633530562438e-04
1.010398376042604117e-04
9.688321042244016075e-05
7.578807190064339823e-05
6.582273021872863143e-05
5.730887302625672263e-05
5.557023921222268735e-05
4.965748803266719171e-05
4.433741816060168464e-05
4.343120847086992547e-05
3.894161502753955615e-05
3.547991027279045003e-05
3.385179266775346186e-05
3.111028316057973985e-05
2.695950758292426345e-05
2.663572723177537734e-05
2.493394562300884498e-05
2.249718400577787762e-05
2.081284349052671984e-05
1.911435304615106371e-05
1.695820656258572370e-05
1.599079529026347545e-05
1.525114885352673046e-05
1.345030495588450068e-05
1.230260213039207594e-05
1.082248635263982982e-05
9.584252386968841099e-06
8.910759895471370641e-06
8.386566727320517685e-06
7.446547114317105629e-06
7.105274525171072908e-06
6.583488771092890478e-06
5.738368443240584425e-06
5.086201585262594437e-06
4.394567592621041589e-06
4.238315983162967230e-06
3.472745953103867787e-06
